      0    318    335    250    333    345    323    229    306    354    279    293    352    212    325    306    254    337    313    360    242    282    236    282    324    237    254    263    313    334    328    235    332    282    352    239    375    363    321    324    290    345    251    316    292    324    289    390    326    278
    318      0    216    312    282    332    290    222    210    317    270    317    303    321    333    339    290    281    249    363    228    338    315    238    270    299    292    284    304    314    279    247    366    326    292    282    249    307    330    250    347    312    295    307    368    384    353    318    298    307
    335    216      0    332    242    300    280    278    315    340    296    263    329    315    392    315    296    247    316    274    222    280    273    357    268    276    298    280    257    238    384    274    323    282    305    265    317    348    271    220    364    238    360    267    267    365    346    265    333    320
    250    312    332      0    320    319    293    310    268    269    258    319    327    279    291    269    294    316    278    280    262    303    270    281    270    333    311    317    343    325    314    273    317    247    373    274    355    316    325    248    303    220    323    352    217    362    292    290    323    305
    333    282    242    320      0    357    247    384    264    281    361    376    342    329    261    222    312    276    310    248    279    292    364    259    282    262    273    273    351    294    354    314    257    266    286    323    364    224    375    385    314    298    301    234    352    314    285    370    345    363
    345    332    300    319    357      0    247    278    330    297    311    338    294    287    295    303    300    361    343    351    346    355    344    220    264    259    283    284    362    238    320    368    267    235    383    230    370    314    292    343    270    366    367    334    365    365    284    323    246    372
    323    290    280    293    247    247      0    325    345    317    256    296    252    333    333    291    317    282    267    339    344    309    379    298    355    234    284    295    310    305    248    231    319    278    292    316    282    313    283    274    280    246    327    274    291    245    337    263    292    279
    229    222    278    310    384    278    325      0    234    287    297    354    285    336    250    319    272    371    230    337    268    264    328    319    269    363    366    308    372    305    283    277    291    316    312    289    324    258    320    243    240    286    324    315    293    309    373    245    228    246
    306    210    315    268    264    330    345    234      0    233    276    285    302    257    316    337    368    284    267    276    337    250    384    218    284    268    291    268    345    356    235    221    250    279    329    341    263    278    236    220    298    318    293    259    224    253    235    290    275    311
    354    317    340    269    281    297    317    287    233      0    236    266    304    322    289    302    305    284    335    304    229    299    305    275    341    266    268    300    254    226    270    338    257    301    263    300    294    331    268    260    227    332    316    291    285    383    299    349    320    292
    279    270    296    258    361    311    256    297    276    236      0    262    326    284    254    341    293    240    326    235    322    310    351    303    245    373    356    322    264    244    236    378    349    301    361    274    377    353    301    217    326    369    267    286    300    265    323    283    282    328
    293    317    263    319    376    338    296    354    285    266    262      0    264    233    271    346    315    343    308    315    243    321    373    229    321    359    288    252    218    275    308    290    242    373    357    311    298    367    302    341    255    299    310    342    247    325    291    248    359    299
    352    303    329    327    342    294    252    285    302    304    326    264      0    206    331    287    309    315    227    317    328    352    344    339    275    277    306    218    286    324    249    293    288    344    298    327    317    268    223    375    355    227    307    295    351    274    245    285    293    351
    212    321    315    279    329    287    333    336    257    322    284    233    206      0    262    316    349    292    320    308    316    310    246    365    344    296    328    311    317    314    325    334    328    342    250    282    308    271    297    230    368    307    314    286    397    345    371    328    386    305
    325    333    392    291    261    295    333    250    316    289    254    271    331    262      0    260    313    299    315    287    281    268    321    328    347    236    314    258    290    306    344    318    257    353    260    320    244    319    348    274    256    281    275    247    342    273    342    268    322    302
    306    339    315    269    222    303    291    319    337    302    341    346    287    316    260      0    290    269    218    344    272    292    266    239    318    349    221    348    258    315    322    330    325    243    374    294    290    283    288    360    247    302    276    278    293    366    258    304    361    289
    254    290    296    294    312    300    317    272    368    305    293    315    309    349    313    290      0    304    266    276    267    263    207    273    261    338    275    297    296    305    288    249    232    274    295    321    288    300    319    249    316    300    237    314    325    354    335    287    344    266
    337    281    247    316    276    361    282    371    284    284    240    343    315    292    299    269    304      0    289    281    326    318    273    304    360    300    322    355    355    294    281    386    362    346    328    259    321    305    208    345    294    278    303    218    307    323    269    243    315    253
    313    249    316    278    310    343    267    230    267    335    326    308    227    320    315    218    266    289      0    273    304    244    299    345    290    275    297    303    354    301    253    345    330    271    224    327    290    245    357    297    297    304    298    378    257    296    267    326    369    292
    360    363    274    280    248    351    339    337    276    304    235    315    317    308    287    344    276    281    273      0    251    270    347    222    264    300    307    371    231    245    342    220    300    292    300    274    313    255    312    340    312    369    281    326    282    251    229    342    253    288
    242    228    222    262    279    346    344    268    337    229    322    243    328    316    281    272    267    326    304    251      0    284    253    233    264    337    258    247    328    363    256    288    224    248    271    285    344    325    288    352    360    245    249    283    366    314    315    278    383    321
    282    338    280    303    292    355    309    264    250    299    310    321    352    310    268    292    263    318    244    270    284      0    332    315    301    280    267    211    323    305    340    273    268    351    282    281    303    317    287    218    307    250    326    311    273    319    299    304    366    316
    236    315    273    270    364    344    379    328    384    305    351    373    344    246    321    266    207    273    299    347    253    332      0    267    353    288    228    269    281    248    285    323    308    393    294    374    353    266    282    284    283    317    265    295    350    267    374    273    308    298
    282    238    357    281    259    220    298    319    218    275    303    229    339    365    328    239    273    304    345    222    233    315    267      0    335    365    303    254    316    351    339    242    368    366    243    282    274    303    283    376    227    347    286    230    286    344    350    315    324    378
    324    270    268    270    282    264    355    269    284    341    245    321    275    344    347    318    261    360    290    264    264    301    353    335      0    300    318    295    356    243    262    310    272    274    300    332    300    306    336    300    288    344    363    362    354    232    296    283    343    329
    237    299    276    333    262    259    234    363    268    266    373    359    277    296    236    349    338    300    275    300    337    280    288    365    300      0    275    250    366    262    256    304    236    323    257    280    285    242    270    242    304    264    320    301    312    274    380    296    337    357
    254    292    298    311    273    283    284    366    291    268    356    288    306    328    314    221    275    322    297    307    258    267    228    303    318    275      0    276    314    285    347    258    263    236    276    333    333    334    311    270    263    313    286    293    322    347    288    252    281    250
    263    284    280    317    273    284    295    308    268    300    322    252    218    311    258    348    297    355    303    371    247    211    269    254    295    250    276      0    293    249    245    283    379    254    302    306    232    277    303    305    296    294    263    271    307    272    256    290    347    314
    313    304    257    343    351    362    310    372    345    254    264    218    286    317    290    258    296    355    354    231    328    323    281    316    356    366    314    293      0    278    331    226    318    253    266    329    286    310    322    359    308    301    338    310    287    299    288    296    302    214
    334    314    238    325    294    238    305    305    356    226    244    275    324    314    306    315    305    294    301    245    363    305    248    351    243    262    285    249    278      0    371    283    259    309    364    243    351    223    284    271    349    309    359    303    309    225    304    329    214    244
    328    279    384    314    354    320    248    283    235    270    236    308    249    325    344    322    288    281    253    342    256    340    285    339    262    256    347    245    331    371      0    306    303    291    364    271    349    248    311    380    309    301    334    386    259    292    292    223    222    277
    235    247    274    273    314    368    231    277    221    338    378    290    293    334    318    330    249    386    345    220    288    273    323    242    310    304    258    283    226    283    306      0    364    340    345    273    306    302    338    244    352    250    263    304    348    285    286    277    331    221
    332    366    323    317    257    267    319    291    250    257    349    242    288    328    257    325    232    362    330    300    224    268    308    368    272    236    263    379    318    259    303    364      0    285    305    279    303    305    286    290    258    253    253    360    325    292    293    345    267    283
    282    326    282    247    266    235    278    316    279    301    301    373    344    342    353    243    274    346    271    292    248    351    393    366    274    323    236    254    253    309    291    340    285      0    294    261    338    243    351    304    235    304    301    280    384    247    271    357    311    352
    352    292    305    373    286    383    292    312    329    263    361    357    298    250    260    374    295    328    224    300    271    282    294    243    300    257    276    302    266    364    364    345    305    294      0    339    305    270    266    283    277    230    271    353    302    324    258    224    352    332
    239    282    265    274    323    230    316    289    341    300    274    311    327    282    320    294    321    259    327    274    285    281    374    282    332    280    333    306    329    243    271    273    279    261    339      0    327    260    269    288    345    343    272    286    274    313    328    296    309    338
    375    249    317    355    364    370    282    324    263    294    377    298    317    308    244    290    288    321    290    313    344    303    353    274    300    285    333    232    286    351    349    306    303    338    305    327      0    248    309    317    310    280    368    274    276    268    341    261    332    294
    363    307    348    316    224    314    313    258    278    331    353    367    268    271    319    283    300    305    245    255    325    317    266    303    306    242    334    277    310    223    248    302    305    243    270    260    248      0    335    289    339    338    316    306    327    300    231    205    317    370
    321    330    271    325    375    292    283    320    236    268    301    302    223    297    348    288    319    208    357    312    288    287    282    283    336    270    311    303    322    284    311    338    286    351    266    269    309    335      0    285    317    398    315    336    373    328    319    305    297    299
    324    250    220    248    385    343    274    243    220    260    217    341    375    230    274    360    249    345    297    340    352    218    284    376    300    242    270    305    359    271    380    244    290    304    283    288    317    289    285      0    263    332    319    292    262    365    281    221    349    314
    290    347    364    303    314    270    280    240    298    227    326    255    355    368    256    247    316    294    297    312    360    307    283    227    288    304    263    296    308    349    309    352    258    235    277    345    310    339    317    263      0    297    266    322    297    302    303    325    309    279
    345    312    238    220    298    366    246    286    318    332    369    299    227    307    281    302    300    278    304    369    245    250    317    347    344    264    313    294    301    309    301    250    253    304    230    343    280    338    398    332    297      0    291    217    288    265    347    360    325    322
    251    295    360    323    301    367    327    324    293    316    267    310    307    314    275    276    237    303    298    281    249    326    265    286    363    320    286    263    338    359    334    263    253    301    271    272    368    316    315    319    266    291      0    350    350    313    380    221    334    338
    316    307    267    352    234    334    274    315    259    291    286    342    295    286    247    278    314    218    378    326    283    311    295    230    362    301    293    271    310    303    386    304    360    280    353    286    274    306    336    292    322    217    350      0    329    278    338    287    298    276
    292    368    267    217    352    365    291    293    224    285    300    247    351    397    342    293    325    307    257    282    366    273    350    286    354    312    322    307    287    309    259    348    325    384    302    274    276    327    373    262    297    288    350    329      0    288    289    270    296    310
    324    384    365    362    314    365    245    309    253    383    265    325    274    345    273    366    354    323    296    251    314    319    267    344    232    274    347    272    299    225    292    285    292    247    324    313    268    300    328    365    302    265    313    278    288      0    280    330    300    331
    289    353    346    292    285    284    337    373    235    299    323    291    245    371    342    258    335    269    267    229    315    299    374    350    296    380    288    256    288    304    292    286    293    271    258    328    341    231    319    281    303    347    380    338    289    280      0    309    316    266
    390    318    265    290    370    323    263    245    290    349    283    248    285    328    268    304    287    243    326    342    278    304    273    315    283    296    252    290    296    329    223    277    345    357    224    296    261    205    305    221    325    360    221    287    270    330    309      0    302    243
    326    298    333    323    345    246    292    228    275    320    282    359    293    386    322    361    344    315    369    253    383    366    308    324    343    337    281    347    302    214    222    331    267    311    352    309    332    317    297    349    309    325    334    298    296    300    316    302      0    268
    278    307    320    305    363    372    279    246    311    292    328    299    351    305    302    289    266    253    292    288    321    316    298    378    329    357    250    314    214    244    277    221    283    352    332    338    294    370    299    314    279    322    338    276    310    331    266    243    268      0
